"sample"	"concentration"	"peptide_IGSLDNITHVPGGGNK"	"peptide_SGYSSPGSPGTPGSR"	"peptide_SPVVSGDTSPR"
1	0.25	0.843719890151795	0.624936814793272	0.719174048640153
2	0.25	1.32117818583598	0.557133752739768	0.719566603677461
3	0.25	1.17965423266905	0.738971214443877	0.776060296371999
4	0.74	3.43101699569822	1.7374541456705	1.84197294528388
5	0.74	5.01739866453493	2.13566255995486	2.40510674315809
6	0.74	2.84524230675833	1.92105716100043	2.56848890335242
7	2.22	11.2229785668292	4.50441541716494	7.82402722840586
8	2.22	10.7742266279269	5.29952144932489	7.83327636301491
9	2.22	10.5379933241704	6.1712153936776	7.8052228548989
10	6.67	33.7603964662789	13.9819004524887	22.8411980176686
11	6.67	35.47818177241	15.0684203503673	23.6426183687123
12	6.67	33.8415788483782	18.6320331211632	21.3224415767363
13	20	87.7457762649165	42.9838877029419	54.9710547848065
14	20	67.2623930405845	40.7597669276829	46.8983380536271
15	20	73.8187037401851	44.3165508119213	48.9066501561928
